17.7125
17.5737
17.4805
17.3897
17.2679
17.1464
17.0400
16.9351
16.8292
16.7074
15.6007
15.4884
15.3761
15.2637
15.1513
15.0388
14.9263
14.8139
14.7014
14.5890
14.4766
14.3642
14.2518
14.1396
14.0273
13.9151
13.8030
13.6909
13.5789
13.4669
13.3550
13.2432
13.1314
13.0197
12.9080
12.7964
12.6849
12.5734
12.4620
12.3507
12.2394
12.1283
12.0171
11.9061
11.7951
11.6841
11.5733
11.4625
11.3517
11.2410
11.1304
11.0199
10.9094
10.7990
10.6887
10.5784
10.4682
10.3581
10.2480
10.1380
10.0281
9.9183
9.8085
9.6988
9.5892
9.4796
9.3702
9.2608
9.1515
9.0422
8.9331
8.8240
8.7151
8.6062
8.4974
8.3887
8.2801
8.1716
8.0632
7.9549
7.8468
7.7387
7.6307
7.5229
7.4152
7.3076
7.2002
7.0929
6.9857
6.8787
6.7718
6.6651
6.5586
6.4523
6.3461
6.2401
6.1343
6.0288
5.9234
5.8183
5.7134
5.6088
5.5044
5.4003
5.2966
5.1931
5.0900
4.9872
4.8847
4.7827
4.6811
4.5799
4.4791
4.3789
4.2792
4.1800
4.0815
3.9835
3.8863
3.7898
3.6940
3.5991
3.5051
3.4120
3.3199
3.2290
3.1392
3.0507
2.9636
2.8779
2.7939
2.7115
2.6310
2.5524
2.4760
2.4019
2.3302
2.2611
2.1948
2.1315
2.0713
2.0144
1.9609
1.9110
1.8648
1.8224
1.7838
1.7490
1.7181
1.6909
1.6673
1.6471
1.6302
1.6162
1.6050
1.5962
1.5896
1.5848
1.5816
1.5796
1.5787
1.5786
1.5790
