2.1106603145599365
0.7359910011291504
0.6471648812294006
0.582144558429718
0.5447712540626526
0.5321786999702454
0.5337067246437073
0.5050747394561768
0.47606927156448364
0.44648465514183044
0.4330050051212311
0.41482919454574585
0.40628987550735474
0.39626380801200867
0.38430753350257874
0.37527620792388916
0.3677639365196228
0.35860124230384827
0.3500438332557678
0.3401944041252136
0.3325343430042267
0.3236319124698639
0.3174102008342743
0.30783453583717346
0.2997978925704956
0.2928401231765747
0.28581702709198
0.2798464596271515
0.27530694007873535
0.2687636613845825
0.26320746541023254
0.25772085785865784
0.2519882321357727
0.2474362999200821
0.2428051233291626
0.2357606440782547
0.2308056503534317
0.22658979892730713
0.22069793939590454
0.21512576937675476
0.21201205253601074
0.20763860642910004
0.20398665964603424
0.20167547464370728
0.19772227108478546
0.1941882073879242
0.19159291684627533
0.18977026641368866
0.18968965113162994
0.186818465590477
0.18253560364246368
0.18273141980171204
0.17992018163204193
0.179151251912117
0.17741085588932037
0.17618899047374725
0.17364738881587982
0.17169316112995148
0.17000272870063782
0.16782443225383759
0.166261225938797
0.16518989205360413
0.16337771713733673
0.16240669786930084
0.16060732305049896
0.1586012840270996
0.1577826887369156
0.1561082899570465
0.1548057496547699
0.15264850854873657
0.15174312889575958
0.149786114692688
0.14905056357383728
0.14759723842144012
0.14564263820648193
0.14528663456439972
0.14413289725780487
0.1427122801542282
0.14154109358787537
0.1403668224811554
0.1397613286972046
0.1386665552854538
0.13791652023792267
0.13686537742614746
0.1359003484249115
0.1354893445968628
0.13517525792121887
0.13272690773010254
0.13351015746593475
0.13210254907608032
0.13208910822868347
0.13114215433597565
0.1307377964258194
0.12984313070774078
0.1296548843383789
0.12944450974464417
0.12883687019348145
0.12876014411449432
0.12835627794265747
0.1275915950536728
0.1271650642156601
0.12752586603164673
0.1275760531425476
0.12732616066932678
0.1270572692155838
0.12741956114768982
0.1267528086900711
0.1282249242067337
0.12659890949726105
0.12685780227184296
0.126753032207489
0.12545308470726013
0.12558528780937195
0.12549415230751038
0.12627847492694855
0.12490817159414291
